14.289736119585527 
25.013332402149018 
26.529248053718902 
26.97537566133694 
26.983203009341224 
28.386678125804465 
29.55672656957603 
29.793821842389008 
34.99900737059369 
38.4877567056818 
40.01325025725262 
40.16097418519236 
40.38563362921796 
40.47348668909168 
41.61096431818176 
42.838902081174915 
43.564977609737966 
43.80880368761797 
45.43446838929087 
45.606435703427664 
46.989391624797975 
52.05334575196761 
54.21215696925471 
54.444797178723164 
54.58809503882749 
54.643140596988395 
54.82471840667149 
54.96524639070087 
55.312024747187245 
55.370221796986414 
55.602198565859965 
56.286687678668116 
56.46882560678693 
57.790245646480344 
58.73788520630804 
59.36789106368407 
60.18439092688867 
62.45512381760744 
64.93887656993452 
65.44691933930491 
67.73264060180387 
69.08826475996909 
69.15333814978968 
69.156991150937 
75.09022149320722 
81.9303282064664 
83.14199939777143 
84.48401110354969 
94.81888644269986 
112.92789170479496 
