1.9647908100209244 -0.08349124958899631 1.0555555838859874 0.06786611791144886 1.0423518976722146 1.0313853091094074 0.9272662949705922 -0.04479998224214943 -0.03465102792309738 0.9891229061250388 
1.987303256978842 -0.09391070497584511 1.8202720597538633 0.9606648755782532 0.9300207692184113 0.13224213510956714 -0.036980458168788755 0.003197314547803691 0.07819856444106443 0.9060617497160778 
1.987303256978842 -0.09391070497584511 1.8202720597538633 1.041865518941225 0.9300207692184113 0.12488634130832713 0.9253478330778856 0.003197314547803691 0.0776225970439929 0.9060617497160778 
2.052972671234909 0.08388440327750127 1.9159722954596787 1.041865518941225 1.0471068124920937 0.12488634130832713 0.9253478330778856 0.003197314547803691 1.902642894663979 0.9051501458080139 
2.052972671234909 0.08388440327750127 1.9159722954596787 1.041865518941225 1.0471068124920937 0.12488634130832713 0.9250536164519864 0.003197314547803691 1.902642894663979 0.9051501458080139 
2.0482954391128123 -0.08349124958899631 1.0433238541915981 0.06786611791144886 1.0423518976722146 1.0313853091094074 0.9969892886581825 -0.1996173985569981 2.112500430691315 0.11586915966049505 
2.0484622971569046 -0.09071849100141073 1.9472292287316908 -0.05818969319275639 2.9613534064994544 0.12295631179781413 0.9507888167784438 3.113512608507318E-4 -0.14741218591338523 1.0010680741938793 
2.0546453433399035 -0.06264283305421023 2.049060783536878 0.055173182582542474 1.054797817859511 0.26433619876434367 0.9259078862230355 -0.0243555491173704 0.022687164987912005 0.14995350294987275 
2.1206239822327566 -0.080123170452124 1.8340885984050121 1.0439361361011679 1.048805894984345 0.12483988752184487 0.9212941429831185 -0.06355696047353611 0.19603103784720277 0.901349541283518 
1.987303256978842 -0.09389593437326615 1.8202720597538633 1.0403796227818256 0.6712227772037361 0.12488634130832713 0.9253478330778856 0.0031782240538226637 0.0776225970439929 0.9703784940456155 
1.9929148614122314 -0.10958170535752143 1.7540064919312428 0.048388778218918516 1.1373954309529393 0.12462546398566608 0.9214166106464922 0.0034551887249503243 1.2178440719147392 0.9618236575320307 
1.2550165144174037 -0.06251670236088441 1.8860359981123542 -0.12076353563608351 0.7898437801364981 0.03537024868166094 1.019446512823284 -0.20154979076029983 0.07351025945858404 1.021098132337496 
2.1206239822327566 -0.1297432434378738 -2.8945100657946634 0.9627354927381961 1.1461098760840587 0.1321956813230849 -0.04103414826355589 -0.01273627228593903 0.19660700524427432 0.901349541283518 
2.05071221069834 -1.1676930554423903 2.0194042900303386 -0.0068329771613119955 3.967683815021362 -0.08449366725943319 0.9992989703090366 -0.05519315907816319 0.140135498029056 0.903371214116782 
1.2745505816506995 -0.06251670236088441 1.8860359981123542 -0.007780919394144381 0.8141571884018266 0.03537024868166094 0.7482322368901101 -0.04672206203394544 0.07191124140477068 1.0847879230045914 
1.2782706965812447 -0.04008926806456674 1.884987421864921 1.142538709923194 0.8207568322423255 0.16029945083974478 0.9695287111744928 -0.1404676616438869 0.07191124140477068 1.0236078260245083 
2.7393605117718915 -0.080123170452124 1.8340885984050121 0.9627354927381961 1.048805894984345 0.1321956813230849 -0.04103414826355589 -0.012729775495264516 0.19660700524427432 0.901349541283518 
1.9659652733228232 -0.09219448358157184 1.892003501938991 0.690071218434501 0.9405042899264296 0.12874448841235742 0.9259656876207359 -0.024731069243987096 0.02243134475228946 -0.26955423008837487 
1.6382382909093536 -0.09391070497584511 1.8212471039870703 -1.9362243235465249 0.933122609658365 0.12488634130832713 0.9271355059389231 -0.04393630206869069 0.0776225970439929 0.12490183243570008 
2.4525064548891695 -0.09485344141222898 1.0391808274103602 1.0742221498970062 0.8956313391093158 0.12703929087331553 -0.05011408018447877 -0.04872178085077315 0.1967100323876106 1.0145034076546569 
1.9887338931049139 -0.09391070497584511 1.753977437248913 1.041865518941225 1.0471068124920937 1.2138773383577752 0.8360424184857432 0.003197314547803691 1.8359609993325685 0.905959914921963 
1.3206638748143162 -0.09287534507942546 1.8880661330617394 -0.007780919394144381 1.3416129128520968 0.028254440455788427 0.9989846847219563 -0.012206447894567957 0.0786910783497049 1.206677244923391 
2.1206239822327566 -0.080123170452124 1.839830480232775 0.7096410248318225 1.048805894984345 0.1321956813230849 0.8453097043156115 -0.012729775495264516 0.28172343951834156 0.9013166770901854 
1.303160888722525 -0.09679090871204439 1.8880661330617394 1.4143301229856997 2.0537835869417864 0.0903443296297246 0.9981107371786397 -0.012207212391836381 0.0786910783497049 0.9049023450791609 
1.2782706965812447 0.375862747676615 1.8860359981123542 -0.017055448078800536 0.8141571884018266 0.03876258277140632 1.000504591679435 -0.20154979076029983 0.0926154018958888 1.021098132337496 
1.942589264458723 -0.09234374225177787 -3.0353826780294844 -0.08284553619475665 3.9482692537082418 1.2333304163079144 0.8274966726635162 -0.012960175060887976 1.9898553335494575 0.9640829014332534 
1.77528085166539 0.019818898455858644 1.7661878322562934 -0.10407983356287077 4.021584616806293 0.16199654305866695 0.8268338502734168 -0.04478880274971604 -0.03703427527892189 0.9588291878181984 
2.0135194442809845 -0.09678116266410913 1.7546422151725334 -0.009157776687397732 4.0929531122264935 0.6743383442641167 0.032647651682592815 2.4502987081568423E-5 0.022556092773569607 0.9059603434728979 
2.137839898934187 -0.09292588679971904 1.911389296351841 -0.0013767330320748616 1.3464981063747044 1.2770953125784403 0.8298190186499184 -0.013049577357825592 -0.0763554925070184 0.9063192451203179 
1.9788548488187907 0.32867621457607515 2.014487519372138 -0.14610090147444543 0.8996169376860719 0.13334247255395765 0.8363060523109247 -0.7053605348434295 0.1128477822892403 0.9643524343910043 
-2.0032587422793586 -0.08246391733777508 0.37925523023413477 -1.7282703541206303 1.1320132942976557 1.028263152724695 0.9480821127647231 0.2114031524607793 -0.03738482736834481 0.1355127766211343 
2.451966206591374 -0.08349124958899631 1.8547817280236651 1.323083659844733 1.0392950597532853 1.0313853091094074 0.9462944399036856 0.002343946785850669 0.012891859759081692 0.9333356578207599 
-1.5328105925244615 -0.06227623562763726 1.7597694897910432 -0.01893936923374495 1.9191052556958872 0.03565776558865925 2.088198343393384 -0.20175926363396773 0.026675723489114858 0.8987291575876657 
1.314339935549385 -0.0937389623515398 -2.943747391369121 -0.007780919394144381 1.7740995649290516 0.025303901831169484 0.9990424861196566 -0.012601058515165683 0.343109893353142 0.9004394440928182 
2.633360829094087 -0.12776639933789155 1.923381705880536 1.1903171413058027 1.0159107438441368 0.12379354041680753 0.9253478330778856 -0.9168240058672813 2.048056229666174 0.8144698922961344 
1.942589264458723 -0.0785762715132616 1.6932161100834362 -0.02390865497254728 4.070606504380736 1.2333304163079144 2.01098617826002 -0.012953678270213462 1.9898553335494575 0.9640829014332534 
2.880766541081672 -0.04071066785009228 1.7601285286161161 0.1963353063032658 2.867976988715872 0.13171590362031396 2.0500014160595983 -0.14080430636634533 1.9994082222229568 0.9037419459270845 
2.1206239822327566 -0.080123170452124 1.8340885984050121 0.9627354927381961 1.048805894984345 0.1321956813230849 0.27560236878882366 0.4072322826414836 0.19660700524427432 0.901349541283518 
1.8531586424952644 -0.09804877998987815 1.8705588127406154 0.02648647784280833 0.9574764412431107 0.12575219868246487 0.7493662471453967 -1.2228006291953628 1.5531728812648382 0.9088416911523518 
2.602110499959607 1.322407995526774 1.0226431503252347 1.0732819797990862 0.9574764412431107 0.022896944850224796 -0.1502523541347171 -0.013044549556723864 1.7519596186657815 0.9014768417715155 
2.05071221069834 -0.06219190012096837 3.1372691779034687 -0.18739928538980194 3.967683815021362 -0.08788600134917857 0.836278604405533 -0.7053605348434295 0.8411547672278655 -0.07826335394269596 
2.1355267979568944 -0.09376461396194281 1.753977437248913 1.041865518941225 4.036719248137594 0.12091507497454718 0.9251572023397074 -1.0692806130094605 -0.14690474288072264 0.38948383633768724 
2.054757927222311 1.3235354477492907 1.74553815065957 1.0739297827793652 1.137295947081544 -0.546302993439734 0.9237448179870649 0.00307996778755985 2.0510164196929184 0.9603519734168757 
1.048517491862864 -0.04499710499344467 -3.1996245863109403 -0.013519512725078342 0.49173939667850963 0.14313490010631302 0.9187064061175484 -0.4705640676593072 0.019784900037183917 0.14233677128144284 
3.449650337017362 1.4495382245829742 1.049543527753653 1.12676887879535 0.9574764412431107 0.05894030962303651 0.8727208132752755 0.03904557992660085 1.2102837213284625 0.9641430152436526 
2.054757927222311 1.2580830086703676 2.151543313303863 1.0739297827793652 0.9576332499954673 -0.9797055124355706 0.7516980543294517 -0.5092046009789055 1.6519356143869663 0.9073700070371968 
1.0708145881414408 -0.05534796102487691 1.7465015169593225 -0.8862796854470708 0.3153877785389503 1.785534301650316 1.010029607782421 0.27100626075111073 0.17265381566169902 1.5869531457722124 
1.3206638748143162 -0.09287534507942546 1.8880661330617394 -0.1976217563072905 1.3416129128520968 0.028254440455788427 0.8359643188184528 -0.6343048407063304 1.7530102428471435 -0.07674537421025501 
2.4111829478978453 -0.43567402263532334 1.925303487483455 1.368095815514582 1.0473631051158454 0.12379354041680753 0.9253514329213679 -0.0126059207826449 1.6489754243602217 0.9012388512746781 
1.8012139278282593 -0.33614950338595984 1.8797717722446017 0.6885853222751018 0.6817062979117545 0.2912015961576521 0.7434163265190011 -0.024739847326462408 2.1695828033666436 -0.4176403591635233 
